Corr-Diag Corr-Full Corr-Swap Data Epoch Loss MMD-Full MMD-Swap Mean
0.2990041673183441 0.8320159912109375 0.4573063552379608 train 0.0 0.18759950399398803 0.09212391447275876 0.0804776557534933 1.3561227206082549e-05
    0.0    
0.44052281975746155 0.5910077691078186 0.3356812000274658 train 1.0 0.14541326224803924 0.06929485287517309 0.06731410784646868 2.1218758774921298e-05
    1.0    
0.5015345811843872 0.4944882392883301 0.2910541892051697 train 2.0 0.13315864026546478 0.06327002810314297 0.06322194803506136 1.2610520570888184e-05
    2.0    
0.5363591313362122 0.4552803635597229 0.2745133936405182 train 3.0 0.12940593305975198 0.06171419495716691 0.06189703397452831 9.3851031124359e-06
    3.0    
0.5547019839286804 0.43435776233673096 0.267169713973999 train 4.0 0.12720537163317203 0.06085503438487649 0.06111444789916277 7.583161277580075e-06
    4.0    
0.5643628239631653 0.40773487091064453 0.2635309100151062 train 5.0 0.1260214886441827 0.06043055647984147 0.0607226550206542 7.335904228966683e-06
    5.0    
0.5668929219245911 0.42602401971817017 0.2681329846382141 train 6.0 0.1252564526349306 0.06020078387111425 0.060546809174120426 8.37945754028624e-06
    6.0    
0.5685770511627197 0.4086281359195709 0.2716582417488098 train 7.0 0.12465377688407898 0.060040518045425414 0.060366935059428216 8.364528184756637e-06
    7.0    
0.5690659880638123 0.39337873458862305 0.2745407819747925 train 8.0 0.12382200963795185 0.05975967802107334 0.06005222512409091 8.71796510182321e-06
    8.0    
0.5715120434761047 0.37643393874168396 0.27348583936691284 train 9.0 0.12329647574573756 0.059577039405703545 0.059888141956180335 8.103471373033244e-06
    9.0    
0.5700376033782959 0.3760126233100891 0.27494165301322937 train 10.0 0.12299507804214954 0.05952936939895153 0.05983722673729062 6.710879915772239e-06
    10.0    
0.5715305209159851 0.37937551736831665 0.2678236961364746 train 11.0 0.1225469820946455 0.059404646772891284 0.059693332687020303 7.528102742071496e-06
    11.0    
0.5703979134559631 0.35496753454208374 0.26804888248443604 train 12.0 0.12236308734863996 0.05937219135463238 0.05966678347438574 5.374128249968635e-06
    12.0    
0.5669383406639099 0.3655387759208679 0.2675331234931946 train 13.0 0.12213717624545098 0.05927638055756688 0.05960455067455769 5.657584097207291e-06
    13.0    
0.5671722292900085 0.3681846559047699 0.2631283700466156 train 14.0 0.12201955735683441 0.05931079640984535 0.05958186313509941 6.272639438975602e-06
    14.0    
0.5639845728874207 0.3599621653556824 0.2652176022529602 train 15.0 0.12205106899142265 0.05936037078499794 0.05964203281328082 5.039482857682742e-06
    15.0    
0.5642294883728027 0.35362935066223145 0.25809434056282043 train 16.0 0.12168091516941786 0.059208484943956134 0.05947812845930457 4.439476469997317e-06
    16.0    
0.5610145330429077 0.32984602451324463 0.2662588953971863 train 17.0 0.12172527052462101 0.05926205554977059 0.059524457715451715 4.046972662763437e-06
    17.0    
0.560440719127655 0.34236788749694824 0.25994500517845154 train 18.0 0.12139083314687013 0.05911611869931221 0.05939614666625857 5.410539415606763e-06
    18.0    
0.5595120787620544 0.3366219401359558 0.2554847002029419 train 19.0 0.1213951925188303 0.05914780844002962 0.05942139426246285 4.8859096750675235e-06
    19.0    
0.5589351654052734 0.30734866857528687 0.2598986327648163 train 20.0 0.12116723205894232 0.05907593766227365 0.059329014550894496 2.885780986616737e-06
    20.0    
0.5587248206138611 0.3309572637081146 0.25261980295181274 train 21.0 0.12127952806651593 0.05913305480033159 0.059409857131540775 4.3279005694785155e-06
    21.0    
0.5583141446113586 0.32156872749328613 0.2502491772174835 train 22.0 0.12094328768551349 0.059012274406850335 0.05925205191597342 4.359664217190584e-06
    22.0    
0.5573098063468933 0.31205829977989197 0.2448028177022934 train 23.0 0.12138865530490875 0.05922878868877888 0.059520790819078684 3.463769871814293e-06
    23.0    
0.5539006590843201 0.30141833424568176 0.2539665699005127 train 24.0 0.12094656519591808 0.059014873132109645 0.0592970983684063 3.537939164743875e-06
    24.0    
0.5537073016166687 0.30204278230667114 0.24549327790737152 train 25.0 0.12112157959491014 0.0591463578492403 0.05939758040010929 2.963842007375206e-06
    25.0    
0.5517639517784119 0.30590978264808655 0.240998774766922 train 26.0 0.12108452770859003 0.05912707882001996 0.059399555623531344 3.0637772852060152e-06
    26.0    
0.550510585308075 0.30685532093048096 0.24412187933921814 train 27.0 0.12091425526887178 0.05904885618016124 0.05931504875421524 3.922511041309917e-06
    27.0    
0.5514242053031921 0.30163466930389404 0.23945803940296173 train 28.0 0.12062347702682018 0.05892476011067629 0.05918290594592691 3.1440777092939243e-06
    28.0    
0.550232470035553 0.2899370491504669 0.23824307322502136 train 29.0 0.12083999078720808 0.059050909969955684 0.05929283797740936 2.8237166134204017e-06
    29.0    
0.5459246039390564 0.29210835695266724 0.24402981996536255 train 30.0 0.12059611760079861 0.05893656415864825 0.05918360171839595 2.6058530693262583e-06
    30.0    
0.5463429093360901 0.29449158906936646 0.24259693920612335 train 31.0 0.12058795809745788 0.05894872726872563 0.05919482147321105 2.958318646051339e-06
    31.0    
0.5467076301574707 0.28493982553482056 0.2359963208436966 train 32.0 0.12049693785607815 0.058922104872763156 0.059141265135258435 3.051245812457637e-06
    32.0    
0.5485262274742126 0.3030032813549042 0.22628866136074066 train 33.0 0.12029632050544023 0.05882014809176326 0.05906206741929054 2.6405682547192555e-06
    33.0    
0.5442453622817993 0.29152223467826843 0.236184224486351 train 34.0 0.12029431369155645 0.05881894296035171 0.05907350283116102 2.6588415948936017e-06
    34.0    
0.5439352989196777 0.293378084897995 0.2341838777065277 train 35.0 0.12052561473101378 0.058942126557230946 0.05917824018746615 2.4713083348615328e-06
    35.0    
0.5425876975059509 0.2932465970516205 0.2312534898519516 train 36.0 0.1203469093516469 0.05886460481211543 0.05909604363143444 2.6340051135775866e-06
    36.0    
0.5398758053779602 0.2876172959804535 0.23433087766170502 train 37.0 0.12027333095669747 0.05883753448724747 0.05907973442226648 2.8681788535322994e-06
    37.0    
0.5405542254447937 0.2804282605648041 0.22881324589252472 train 38.0 0.12064819395542145 0.05902156354859471 0.05925252106040716 2.8101442239858443e-06
    38.0    
0.5395132899284363 0.2720387279987335 0.23508714139461517 train 39.0 0.12038583815097809 0.05889270035549998 0.059149050060659646 3.146942617604509e-06
    39.0    
0.5377843976020813 0.27527692914009094 0.23441942036151886 train 40.0 0.12020198367536068 0.05881578138098121 0.05905263856053353 1.9974540919065475e-06
    40.0    
0.5375211834907532 0.280582457780838 0.23176801204681396 train 41.0 0.12038603562861681 0.05889163406565785 0.059172043669968845 2.537147565817577e-06
    41.0    
0.5362740159034729 0.2850395441055298 0.22612552344799042 train 42.0 0.12024913359433413 0.058826333358883855 0.05911375084891915 2.2088065634306986e-06
    42.0    
0.53357994556427 0.2736329734325409 0.23311224579811096 train 43.0 0.12038314305245876 0.05890196342021227 0.059171965960413214 3.249291921747499e-06
    43.0    
0.5344386100769043 0.2787022292613983 0.22205406427383423 train 44.0 0.12017479632049799 0.058815514855086806 0.059066875018179414 2.3203988348541316e-06
    44.0    
0.5328115820884705 0.26500675082206726 0.2339358776807785 train 45.0 0.11995632234960794 0.05871149921789765 0.05896590067073703 2.4693895284144673e-06
    45.0    
0.532909095287323 0.271368145942688 0.22817333042621613 train 46.0 0.12013937447220087 0.05879720268771052 0.059069397877901796 2.418697704342776e-06
    46.0    
0.5327422618865967 0.2803146541118622 0.22086690366268158 train 47.0 0.1200977835059166 0.05878168523311615 0.059052489846944806 2.2535562038683565e-06
    47.0    
0.5336214303970337 0.2660781741142273 0.22341755032539368 train 48.0 0.11994097724556924 0.05871188532561064 0.05897071063518524 2.7626595056062797e-06
    48.0    
0.5313728451728821 0.2544504404067993 0.22934404015541077 train 49.0 0.12011207275092602 0.058808236941695215 0.059044925067573785 2.7144342311657965e-06
    49.0    
0.5301482081413269 0.26762908697128296 0.2241070568561554 train 50.0 0.11989915184676647 0.05867638761177659 0.05896519860252738 2.3710206278337864e-06
    50.0    
0.5306915640830994 0.27567341923713684 0.21978819370269775 train 51.0 0.12014075025916099 0.05882019376382232 0.05907278910279274 2.3758325369271915e-06
    51.0    
0.5298340320587158 0.26950278878211975 0.22126400470733643 train 52.0 0.11965685348957777 0.05857365071773529 0.05884712737053633 2.2847029867989477e-06
    52.0    
0.5294358730316162 0.26173433661460876 0.22411459684371948 train 53.0 0.12004022438079119 0.0587869274802506 0.059032474160194394 2.1550979454332264e-06
    53.0    
0.5284101366996765 0.2629297375679016 0.2212096005678177 train 54.0 0.11991453122347594 0.0587086921185255 0.05898807685822249 2.5915257992892293e-06
    54.0    
0.5293684601783752 0.26824951171875 0.21205735206604004 train 55.0 0.12002496749162674 0.05876879552379251 0.059041957296431066 2.273322479595663e-06
    55.0    
0.5260599851608276 0.26276227831840515 0.21741358935832977 train 56.0 0.11984332416206599 0.05867137124761939 0.05896457551047206 2.3129862256610068e-06
    56.0    
0.5263496041297913 0.26380765438079834 0.2199387550354004 train 57.0 0.11995285455137492 0.058720134980976585 0.05903003020212054 2.714182528507081e-06
    57.0    
0.5257286429405212 0.2663080394268036 0.21375270187854767 train 58.0 0.12020839672535658 0.05885608708485961 0.05914034241810441 2.0847890027653193e-06
    58.0    
0.5243057012557983 0.26344460248947144 0.21429534256458282 train 59.0 0.12000869784504176 0.05877810100093484 0.05905516089871526 2.7614025839284295e-06
    59.0    
0.5218519568443298 0.2610948979854584 0.22593632340431213 train 60.0 0.11982359629124403 0.05868225121870637 0.058959056828171014 2.115803681590478e-06
    60.0    
0.5234037041664124 0.25732433795928955 0.21241478621959686 train 61.0 0.11998848780989647 0.05876985779032111 0.059034359604120255 2.784256594168255e-06
    61.0    
0.520561695098877 0.2577819526195526 0.22809404134750366 train 62.0 0.11942994117736816 0.05847641125321388 0.05877601498737931 2.967563887068536e-06
    62.0    
0.5214364528656006 0.25360193848609924 0.215778186917305 train 63.0 0.11992795620113611 0.058716486785560844 0.059029601626098153 2.0633435724448645e-06
    63.0    
0.5191468596458435 0.25630027055740356 0.21498869359493256 train 64.0 0.11995436765253543 0.05875072732567787 0.05904171472415328 1.779242666088976e-06
    64.0    
0.5206905007362366 0.26479965448379517 0.21575261652469635 train 65.0 0.11973338603973388 0.058641098961234095 0.05892915250733495 1.939388539540232e-06
    65.0    
0.5196939706802368 0.24607166647911072 0.21545153856277466 train 66.0 0.11966021612286568 0.05862602232024074 0.058887802734971045 2.3363097625406226e-06
    66.0    
0.5204054713249207 0.2606055736541748 0.21192672848701477 train 67.0 0.11976442098617554 0.058650313895195726 0.05896391600370407 1.8257638885188499e-06
    67.0    
0.5193216800689697 0.2610763907432556 0.21242254972457886 train 68.0 0.11980456478893757 0.05868785355240107 0.05897336343303323 2.0193028831272386e-06
    68.0    
0.516282856464386 0.2419004589319229 0.2226126343011856 train 69.0 0.11991751745343208 0.058722737170755865 0.059045523535460234 2.1004962036386132e-06
    69.0    
0.5182334184646606 0.24912643432617188 0.21834509074687958 train 70.0 0.11964542467147112 0.058608240075409414 0.058882825672626496 2.3767211132508237e-06
    70.0    
0.5158130526542664 0.260616272687912 0.2185536026954651 train 71.0 0.11986990176141261 0.05871464978903532 0.05900928966701031 1.7873937849799404e-06
    71.0    
0.5155102610588074 0.25675439834594727 0.2148139327764511 train 72.0 0.11988782476633787 0.05873430499807 0.059014971759170295 1.4870566928948392e-06
    72.0    
0.5143607258796692 0.24334768950939178 0.21830244362354279 train 73.0 0.11997314020991326 0.058767884243279694 0.059074939396232366 1.785282165656099e-06
    73.0    
0.5165398120880127 0.24965980648994446 0.2113570123910904 train 74.0 0.11957357276231051 0.05858688399195671 0.058859279081225395 1.976764906430617e-06
    74.0    
0.5137178897857666 0.2522938549518585 0.21042127907276154 train 75.0 0.12000986970961094 0.05878967948257923 0.05909961177036166 2.070539949272643e-06
    75.0    
0.5131070017814636 0.2505532205104828 0.21348336338996887 train 76.0 0.11961363658308982 0.0585979188233614 0.058894372675567866 2.137271394531126e-06
    76.0    
0.5134502649307251 0.25872811675071716 0.21494647860527039 train 77.0 0.11942966796457767 0.058493809904903174 0.058812212720513346 2.3760217118251603e-06
    77.0    
0.513279378414154 0.2528308033943176 0.20969335734844208 train 78.0 0.1198553116247058 0.058724644351750614 0.05902506722137332 1.648782358643075e-06
    78.0    
0.5123005509376526 0.24793291091918945 0.2142774909734726 train 79.0 0.11951622635126113 0.058557559251785275 0.058842681888490914 1.8974247950609424e-06
    79.0    
0.5135319828987122 0.24539421498775482 0.2105206549167633 train 80.0 0.11942861169576645 0.05850456999614835 0.05881768180057406 2.3978373064892367e-06
    80.0    
0.5084509253501892 0.23568177223205566 0.22440345585346222 train 81.0 0.1200202538445592 0.05879763539880514 0.05910517457872629 1.915085022119456e-06
    81.0    
0.5084049105644226 0.2520907521247864 0.21832866966724396 train 82.0 0.11955916032195091 0.058582535795867446 0.058868021834641696 1.948016915775952e-06
    82.0    
0.5097292065620422 0.24564425647258759 0.21039696037769318 train 83.0 0.11971663244068623 0.05864192983135581 0.05898130707442761 1.445767793484265e-06
    83.0    
0.5093703866004944 0.25032922625541687 0.2104877084493637 train 84.0 0.11974600248038769 0.05865986635908484 0.0589915044978261 1.7018895732689998e-06
    84.0    
0.505764365196228 0.25013136863708496 0.21521733701229095 train 85.0 0.11965888701379299 0.05861419292166829 0.05894416419789195 1.5078987871675054e-06
    85.0    
0.5093553066253662 0.24391108751296997 0.21401312947273254 train 86.0 0.11926638253033162 0.05842311976477504 0.0587424754537642 1.8196582232121727e-06
    86.0    
0.5069243311882019 0.24850605428218842 0.21262045204639435 train 87.0 0.11961770210415125 0.058610877133905885 0.058918704111129046 1.6549728343306924e-06
    87.0    
0.5059060454368591 0.24868252873420715 0.21048051118850708 train 88.0 0.11970396246761084 0.058636461328715084 0.05898071328178048 2.147959548892686e-06
    88.0    
0.5065951943397522 0.23593111336231232 0.21740473806858063 train 89.0 0.1194648277387023 0.05852443529292941 0.058850575499236585 2.1776604626211338e-06
    89.0    
0.5066940784454346 0.24907448887825012 0.2074289619922638 train 90.0 0.1194518581777811 0.05852562302723527 0.05884179713204503 1.6149996326930705e-06
    90.0    
0.5045309662818909 0.2381160706281662 0.21174153685569763 train 91.0 0.11987153362482786 0.058729225136339665 0.05905984416604042 1.8921996343124192e-06
    91.0    
0.5057429671287537 0.23496752977371216 0.21268436312675476 train 92.0 0.11923916444182396 0.05842068385332823 0.058758677374571563 1.8891089439421194e-06
    92.0    
0.5032974481582642 0.2365875542163849 0.2116464227437973 train 93.0 0.11967944357544184 0.0586412900686264 0.058952217511832716 1.7335001984974951e-06
    93.0    
0.5038382411003113 0.23506103456020355 0.2126287966966629 train 94.0 0.11924323562532663 0.05841620195657015 0.0587558551505208 1.7948302684089867e-06
    94.0    
0.5034133791923523 0.23631852865219116 0.21159139275550842 train 95.0 0.1195110735297203 0.05854731854051352 0.05889936296269298 1.8760555349217611e-06
    95.0    
0.5025879144668579 0.2337014079093933 0.2130165845155716 train 96.0 0.11940525196492673 0.05849827751517296 0.05885412657633424 1.3437847883324139e-06
    96.0    
0.5040873885154724 0.24903365969657898 0.20650766789913177 train 97.0 0.11921947900205851 0.05840593921020627 0.05874821549281478 2.174561132051167e-06
    97.0    
0.5023536086082458 0.25291648507118225 0.20468175411224365 train 98.0 0.11950289253145456 0.05855958851054311 0.05887909745797515 1.7477092342232936e-06
    98.0    
0.5027768611907959 0.2306109368801117 0.21062974631786346 train 99.0 0.11945587791502475 0.05853752853348851 0.0588544319011271 1.4244725434764405e-06
    99.0    
